{
 "cells": [
  {
   "cell_type": "code",
   "execution_count": 1,
   "metadata": {},
   "outputs": [],
   "source": [
    "import pandas as pd\n",
    "import numpy as np\n",
    "from sklearn.model_selection import train_test_split , cross_validate\n",
    "from sklearn.neighbors import KNeighborsRegressor\n",
    "from sklearn.ensemble import RandomForestRegressor\n",
    "from sklearn.tree import DecisionTreeRegressor\n",
    "from sklearn.svm import SVR\n",
    "from sklearn.linear_model import LinearRegression , Lasso , Ridge , ElasticNet , QuantileRegressor"
   ]
  },
  {
   "cell_type": "code",
   "execution_count": 2,
   "metadata": {},
   "outputs": [],
   "source": [
    "import warnings\n",
    "warnings.filterwarnings('ignore')"
   ]
  },
  {
   "attachments": {},
   "cell_type": "markdown",
   "metadata": {},
   "source": [
    "### 레스토랑 관련"
   ]
  },
  {
   "cell_type": "code",
   "execution_count": 3,
   "metadata": {},
   "outputs": [
    {
     "data": {
      "text/html": [
       "<div>\n",
       "<style scoped>\n",
       "    .dataframe tbody tr th:only-of-type {\n",
       "        vertical-align: middle;\n",
       "    }\n",
       "\n",
       "    .dataframe tbody tr th {\n",
       "        vertical-align: top;\n",
       "    }\n",
       "\n",
       "    .dataframe thead th {\n",
       "        text-align: right;\n",
       "    }\n",
       "</style>\n",
       "<table border=\"1\" class=\"dataframe\">\n",
       "  <thead>\n",
       "    <tr style=\"text-align: right;\">\n",
       "      <th></th>\n",
       "      <th>city</th>\n",
       "      <th>country</th>\n",
       "      <th>x1</th>\n",
       "      <th>x2</th>\n",
       "      <th>x3</th>\n",
       "      <th>x4</th>\n",
       "      <th>x5</th>\n",
       "      <th>x6</th>\n",
       "      <th>x7</th>\n",
       "      <th>x8</th>\n",
       "      <th>...</th>\n",
       "      <th>x47</th>\n",
       "      <th>x48</th>\n",
       "      <th>x49</th>\n",
       "      <th>x50</th>\n",
       "      <th>x51</th>\n",
       "      <th>x52</th>\n",
       "      <th>x53</th>\n",
       "      <th>x54</th>\n",
       "      <th>x55</th>\n",
       "      <th>data_quality</th>\n",
       "    </tr>\n",
       "  </thead>\n",
       "  <tbody>\n",
       "    <tr>\n",
       "      <th>0</th>\n",
       "      <td>Delhi</td>\n",
       "      <td>India</td>\n",
       "      <td>4.90</td>\n",
       "      <td>22.04</td>\n",
       "      <td>4.28</td>\n",
       "      <td>1.84</td>\n",
       "      <td>3.67</td>\n",
       "      <td>1.78</td>\n",
       "      <td>0.48</td>\n",
       "      <td>0.19</td>\n",
       "      <td>...</td>\n",
       "      <td>36.26</td>\n",
       "      <td>223.87</td>\n",
       "      <td>133.38</td>\n",
       "      <td>596.16</td>\n",
       "      <td>325.82</td>\n",
       "      <td>2619.46</td>\n",
       "      <td>1068.90</td>\n",
       "      <td>586.35</td>\n",
       "      <td>7.96</td>\n",
       "      <td>1</td>\n",
       "    </tr>\n",
       "    <tr>\n",
       "      <th>1</th>\n",
       "      <td>Shanghai</td>\n",
       "      <td>China</td>\n",
       "      <td>5.59</td>\n",
       "      <td>40.51</td>\n",
       "      <td>5.59</td>\n",
       "      <td>1.12</td>\n",
       "      <td>4.19</td>\n",
       "      <td>3.96</td>\n",
       "      <td>0.52</td>\n",
       "      <td>0.32</td>\n",
       "      <td>...</td>\n",
       "      <td>121.19</td>\n",
       "      <td>1080.07</td>\n",
       "      <td>564.30</td>\n",
       "      <td>2972.57</td>\n",
       "      <td>1532.23</td>\n",
       "      <td>17333.09</td>\n",
       "      <td>9174.88</td>\n",
       "      <td>1382.83</td>\n",
       "      <td>5.01</td>\n",
       "      <td>1</td>\n",
       "    </tr>\n",
       "    <tr>\n",
       "      <th>2</th>\n",
       "      <td>Jakarta</td>\n",
       "      <td>Indonesia</td>\n",
       "      <td>2.54</td>\n",
       "      <td>22.25</td>\n",
       "      <td>3.50</td>\n",
       "      <td>2.02</td>\n",
       "      <td>3.18</td>\n",
       "      <td>2.19</td>\n",
       "      <td>0.59</td>\n",
       "      <td>0.27</td>\n",
       "      <td>...</td>\n",
       "      <td>80.32</td>\n",
       "      <td>482.85</td>\n",
       "      <td>270.15</td>\n",
       "      <td>1117.69</td>\n",
       "      <td>584.37</td>\n",
       "      <td>2694.05</td>\n",
       "      <td>1269.44</td>\n",
       "      <td>483.19</td>\n",
       "      <td>9.15</td>\n",
       "      <td>1</td>\n",
       "    </tr>\n",
       "    <tr>\n",
       "      <th>3</th>\n",
       "      <td>Manila</td>\n",
       "      <td>Philippines</td>\n",
       "      <td>3.54</td>\n",
       "      <td>27.40</td>\n",
       "      <td>3.54</td>\n",
       "      <td>1.24</td>\n",
       "      <td>1.90</td>\n",
       "      <td>2.91</td>\n",
       "      <td>0.93</td>\n",
       "      <td>0.51</td>\n",
       "      <td>...</td>\n",
       "      <td>61.82</td>\n",
       "      <td>559.52</td>\n",
       "      <td>281.78</td>\n",
       "      <td>1754.40</td>\n",
       "      <td>684.81</td>\n",
       "      <td>3536.04</td>\n",
       "      <td>2596.44</td>\n",
       "      <td>419.02</td>\n",
       "      <td>7.80</td>\n",
       "      <td>1</td>\n",
       "    </tr>\n",
       "    <tr>\n",
       "      <th>4</th>\n",
       "      <td>Seoul</td>\n",
       "      <td>South Korea</td>\n",
       "      <td>7.16</td>\n",
       "      <td>52.77</td>\n",
       "      <td>6.03</td>\n",
       "      <td>3.02</td>\n",
       "      <td>4.52</td>\n",
       "      <td>3.86</td>\n",
       "      <td>1.46</td>\n",
       "      <td>0.78</td>\n",
       "      <td>...</td>\n",
       "      <td>108.30</td>\n",
       "      <td>809.83</td>\n",
       "      <td>583.60</td>\n",
       "      <td>2621.05</td>\n",
       "      <td>1683.74</td>\n",
       "      <td>21847.94</td>\n",
       "      <td>10832.90</td>\n",
       "      <td>2672.23</td>\n",
       "      <td>3.47</td>\n",
       "      <td>1</td>\n",
       "    </tr>\n",
       "  </tbody>\n",
       "</table>\n",
       "<p>5 rows × 58 columns</p>\n",
       "</div>"
      ],
      "text/plain": [
       "       city      country    x1     x2    x3    x4    x5    x6    x7    x8  \\\n",
       "0     Delhi        India  4.90  22.04  4.28  1.84  3.67  1.78  0.48  0.19   \n",
       "1  Shanghai        China  5.59  40.51  5.59  1.12  4.19  3.96  0.52  0.32   \n",
       "2   Jakarta    Indonesia  2.54  22.25  3.50  2.02  3.18  2.19  0.59  0.27   \n",
       "3    Manila  Philippines  3.54  27.40  3.54  1.24  1.90  2.91  0.93  0.51   \n",
       "4     Seoul  South Korea  7.16  52.77  6.03  3.02  4.52  3.86  1.46  0.78   \n",
       "\n",
       "   ...     x47      x48     x49      x50      x51       x52       x53  \\\n",
       "0  ...   36.26   223.87  133.38   596.16   325.82   2619.46   1068.90   \n",
       "1  ...  121.19  1080.07  564.30  2972.57  1532.23  17333.09   9174.88   \n",
       "2  ...   80.32   482.85  270.15  1117.69   584.37   2694.05   1269.44   \n",
       "3  ...   61.82   559.52  281.78  1754.40   684.81   3536.04   2596.44   \n",
       "4  ...  108.30   809.83  583.60  2621.05  1683.74  21847.94  10832.90   \n",
       "\n",
       "       x54   x55  data_quality  \n",
       "0   586.35  7.96             1  \n",
       "1  1382.83  5.01             1  \n",
       "2   483.19  9.15             1  \n",
       "3   419.02  7.80             1  \n",
       "4  2672.23  3.47             1  \n",
       "\n",
       "[5 rows x 58 columns]"
      ]
     },
     "execution_count": 3,
     "metadata": {},
     "output_type": "execute_result"
    }
   ],
   "source": [
    "df = pd.read_csv('./Data/global_cost.csv')\n",
    "df.head()"
   ]
  },
  {
   "cell_type": "code",
   "execution_count": 4,
   "metadata": {},
   "outputs": [],
   "source": [
    "columns = ['x1','x9','x10','x11','x12','x13','x14','x15','x16','x17','x18','x19','x20','x21','x22','x23','x24','x25','x26','x26']\n",
    "\n",
    "res=df[columns]"
   ]
  },
  {
   "cell_type": "code",
   "execution_count": 5,
   "metadata": {},
   "outputs": [
    {
     "data": {
      "text/html": [
       "<div>\n",
       "<style scoped>\n",
       "    .dataframe tbody tr th:only-of-type {\n",
       "        vertical-align: middle;\n",
       "    }\n",
       "\n",
       "    .dataframe tbody tr th {\n",
       "        vertical-align: top;\n",
       "    }\n",
       "\n",
       "    .dataframe thead th {\n",
       "        text-align: right;\n",
       "    }\n",
       "</style>\n",
       "<table border=\"1\" class=\"dataframe\">\n",
       "  <thead>\n",
       "    <tr style=\"text-align: right;\">\n",
       "      <th></th>\n",
       "      <th>x1</th>\n",
       "      <th>x9</th>\n",
       "      <th>x10</th>\n",
       "      <th>x11</th>\n",
       "      <th>x12</th>\n",
       "      <th>x13</th>\n",
       "      <th>x14</th>\n",
       "      <th>x15</th>\n",
       "      <th>x16</th>\n",
       "      <th>x17</th>\n",
       "      <th>x18</th>\n",
       "      <th>x19</th>\n",
       "      <th>x20</th>\n",
       "      <th>x21</th>\n",
       "      <th>x22</th>\n",
       "      <th>x23</th>\n",
       "      <th>x24</th>\n",
       "      <th>x25</th>\n",
       "      <th>x26</th>\n",
       "      <th>x26</th>\n",
       "    </tr>\n",
       "  </thead>\n",
       "  <tbody>\n",
       "    <tr>\n",
       "      <th>x1</th>\n",
       "      <td>1.000000</td>\n",
       "      <td>0.209656</td>\n",
       "      <td>0.663892</td>\n",
       "      <td>0.576710</td>\n",
       "      <td>0.760824</td>\n",
       "      <td>0.482747</td>\n",
       "      <td>0.771732</td>\n",
       "      <td>0.594808</td>\n",
       "      <td>0.451369</td>\n",
       "      <td>0.425751</td>\n",
       "      <td>0.572922</td>\n",
       "      <td>0.643239</td>\n",
       "      <td>0.530257</td>\n",
       "      <td>0.546555</td>\n",
       "      <td>0.560914</td>\n",
       "      <td>0.627017</td>\n",
       "      <td>0.332653</td>\n",
       "      <td>0.469149</td>\n",
       "      <td>0.299629</td>\n",
       "      <td>0.299629</td>\n",
       "    </tr>\n",
       "    <tr>\n",
       "      <th>x9</th>\n",
       "      <td>0.209656</td>\n",
       "      <td>1.000000</td>\n",
       "      <td>0.339184</td>\n",
       "      <td>0.274740</td>\n",
       "      <td>0.380777</td>\n",
       "      <td>0.370488</td>\n",
       "      <td>0.276011</td>\n",
       "      <td>0.361623</td>\n",
       "      <td>0.324645</td>\n",
       "      <td>0.398210</td>\n",
       "      <td>0.348663</td>\n",
       "      <td>0.259118</td>\n",
       "      <td>0.344829</td>\n",
       "      <td>0.329721</td>\n",
       "      <td>0.375710</td>\n",
       "      <td>0.267260</td>\n",
       "      <td>0.399832</td>\n",
       "      <td>0.223753</td>\n",
       "      <td>0.276763</td>\n",
       "      <td>0.276763</td>\n",
       "    </tr>\n",
       "    <tr>\n",
       "      <th>x10</th>\n",
       "      <td>0.663892</td>\n",
       "      <td>0.339184</td>\n",
       "      <td>1.000000</td>\n",
       "      <td>0.688767</td>\n",
       "      <td>0.710416</td>\n",
       "      <td>0.512867</td>\n",
       "      <td>0.732313</td>\n",
       "      <td>0.541965</td>\n",
       "      <td>0.655307</td>\n",
       "      <td>0.388095</td>\n",
       "      <td>0.674109</td>\n",
       "      <td>0.671611</td>\n",
       "      <td>0.678220</td>\n",
       "      <td>0.704714</td>\n",
       "      <td>0.634648</td>\n",
       "      <td>0.735866</td>\n",
       "      <td>0.558558</td>\n",
       "      <td>0.489463</td>\n",
       "      <td>0.341929</td>\n",
       "      <td>0.341929</td>\n",
       "    </tr>\n",
       "    <tr>\n",
       "      <th>x11</th>\n",
       "      <td>0.576710</td>\n",
       "      <td>0.274740</td>\n",
       "      <td>0.688767</td>\n",
       "      <td>1.000000</td>\n",
       "      <td>0.583856</td>\n",
       "      <td>0.429146</td>\n",
       "      <td>0.661177</td>\n",
       "      <td>0.461528</td>\n",
       "      <td>0.644847</td>\n",
       "      <td>0.491120</td>\n",
       "      <td>0.716667</td>\n",
       "      <td>0.693367</td>\n",
       "      <td>0.677403</td>\n",
       "      <td>0.663913</td>\n",
       "      <td>0.593261</td>\n",
       "      <td>0.678968</td>\n",
       "      <td>0.405651</td>\n",
       "      <td>0.479230</td>\n",
       "      <td>0.333863</td>\n",
       "      <td>0.333863</td>\n",
       "    </tr>\n",
       "    <tr>\n",
       "      <th>x12</th>\n",
       "      <td>0.760824</td>\n",
       "      <td>0.380777</td>\n",
       "      <td>0.710416</td>\n",
       "      <td>0.583856</td>\n",
       "      <td>1.000000</td>\n",
       "      <td>0.517071</td>\n",
       "      <td>0.808177</td>\n",
       "      <td>0.631794</td>\n",
       "      <td>0.488975</td>\n",
       "      <td>0.556675</td>\n",
       "      <td>0.588825</td>\n",
       "      <td>0.640685</td>\n",
       "      <td>0.598371</td>\n",
       "      <td>0.599485</td>\n",
       "      <td>0.656475</td>\n",
       "      <td>0.607050</td>\n",
       "      <td>0.403165</td>\n",
       "      <td>0.475784</td>\n",
       "      <td>0.339215</td>\n",
       "      <td>0.339215</td>\n",
       "    </tr>\n",
       "    <tr>\n",
       "      <th>x13</th>\n",
       "      <td>0.482747</td>\n",
       "      <td>0.370488</td>\n",
       "      <td>0.512867</td>\n",
       "      <td>0.429146</td>\n",
       "      <td>0.517071</td>\n",
       "      <td>1.000000</td>\n",
       "      <td>0.591435</td>\n",
       "      <td>0.599956</td>\n",
       "      <td>0.417082</td>\n",
       "      <td>0.424939</td>\n",
       "      <td>0.481582</td>\n",
       "      <td>0.448835</td>\n",
       "      <td>0.427699</td>\n",
       "      <td>0.450804</td>\n",
       "      <td>0.427709</td>\n",
       "      <td>0.313209</td>\n",
       "      <td>0.325194</td>\n",
       "      <td>0.232514</td>\n",
       "      <td>0.179834</td>\n",
       "      <td>0.179834</td>\n",
       "    </tr>\n",
       "    <tr>\n",
       "      <th>x14</th>\n",
       "      <td>0.771732</td>\n",
       "      <td>0.276011</td>\n",
       "      <td>0.732313</td>\n",
       "      <td>0.661177</td>\n",
       "      <td>0.808177</td>\n",
       "      <td>0.591435</td>\n",
       "      <td>1.000000</td>\n",
       "      <td>0.717953</td>\n",
       "      <td>0.540328</td>\n",
       "      <td>0.484306</td>\n",
       "      <td>0.621020</td>\n",
       "      <td>0.653179</td>\n",
       "      <td>0.607990</td>\n",
       "      <td>0.632917</td>\n",
       "      <td>0.619032</td>\n",
       "      <td>0.637293</td>\n",
       "      <td>0.415869</td>\n",
       "      <td>0.484100</td>\n",
       "      <td>0.311057</td>\n",
       "      <td>0.311057</td>\n",
       "    </tr>\n",
       "    <tr>\n",
       "      <th>x15</th>\n",
       "      <td>0.594808</td>\n",
       "      <td>0.361623</td>\n",
       "      <td>0.541965</td>\n",
       "      <td>0.461528</td>\n",
       "      <td>0.631794</td>\n",
       "      <td>0.599956</td>\n",
       "      <td>0.717953</td>\n",
       "      <td>1.000000</td>\n",
       "      <td>0.419206</td>\n",
       "      <td>0.515773</td>\n",
       "      <td>0.440988</td>\n",
       "      <td>0.498425</td>\n",
       "      <td>0.456778</td>\n",
       "      <td>0.439880</td>\n",
       "      <td>0.502309</td>\n",
       "      <td>0.382834</td>\n",
       "      <td>0.307784</td>\n",
       "      <td>0.303417</td>\n",
       "      <td>0.214494</td>\n",
       "      <td>0.214494</td>\n",
       "    </tr>\n",
       "    <tr>\n",
       "      <th>x16</th>\n",
       "      <td>0.451369</td>\n",
       "      <td>0.324645</td>\n",
       "      <td>0.655307</td>\n",
       "      <td>0.644847</td>\n",
       "      <td>0.488975</td>\n",
       "      <td>0.417082</td>\n",
       "      <td>0.540328</td>\n",
       "      <td>0.419206</td>\n",
       "      <td>1.000000</td>\n",
       "      <td>0.582113</td>\n",
       "      <td>0.794579</td>\n",
       "      <td>0.708099</td>\n",
       "      <td>0.842511</td>\n",
       "      <td>0.772773</td>\n",
       "      <td>0.643859</td>\n",
       "      <td>0.625442</td>\n",
       "      <td>0.521882</td>\n",
       "      <td>0.492230</td>\n",
       "      <td>0.398436</td>\n",
       "      <td>0.398436</td>\n",
       "    </tr>\n",
       "    <tr>\n",
       "      <th>x17</th>\n",
       "      <td>0.425751</td>\n",
       "      <td>0.398210</td>\n",
       "      <td>0.388095</td>\n",
       "      <td>0.491120</td>\n",
       "      <td>0.556675</td>\n",
       "      <td>0.424939</td>\n",
       "      <td>0.484306</td>\n",
       "      <td>0.515773</td>\n",
       "      <td>0.582113</td>\n",
       "      <td>1.000000</td>\n",
       "      <td>0.608311</td>\n",
       "      <td>0.581183</td>\n",
       "      <td>0.647474</td>\n",
       "      <td>0.552776</td>\n",
       "      <td>0.630309</td>\n",
       "      <td>0.366152</td>\n",
       "      <td>0.225477</td>\n",
       "      <td>0.296667</td>\n",
       "      <td>0.293962</td>\n",
       "      <td>0.293962</td>\n",
       "    </tr>\n",
       "    <tr>\n",
       "      <th>x18</th>\n",
       "      <td>0.572922</td>\n",
       "      <td>0.348663</td>\n",
       "      <td>0.674109</td>\n",
       "      <td>0.716667</td>\n",
       "      <td>0.588825</td>\n",
       "      <td>0.481582</td>\n",
       "      <td>0.621020</td>\n",
       "      <td>0.440988</td>\n",
       "      <td>0.794579</td>\n",
       "      <td>0.608311</td>\n",
       "      <td>1.000000</td>\n",
       "      <td>0.789769</td>\n",
       "      <td>0.806114</td>\n",
       "      <td>0.795528</td>\n",
       "      <td>0.690423</td>\n",
       "      <td>0.676287</td>\n",
       "      <td>0.500310</td>\n",
       "      <td>0.542333</td>\n",
       "      <td>0.439041</td>\n",
       "      <td>0.439041</td>\n",
       "    </tr>\n",
       "    <tr>\n",
       "      <th>x19</th>\n",
       "      <td>0.643239</td>\n",
       "      <td>0.259118</td>\n",
       "      <td>0.671611</td>\n",
       "      <td>0.693367</td>\n",
       "      <td>0.640685</td>\n",
       "      <td>0.448835</td>\n",
       "      <td>0.653179</td>\n",
       "      <td>0.498425</td>\n",
       "      <td>0.708099</td>\n",
       "      <td>0.581183</td>\n",
       "      <td>0.789769</td>\n",
       "      <td>1.000000</td>\n",
       "      <td>0.749663</td>\n",
       "      <td>0.745869</td>\n",
       "      <td>0.729991</td>\n",
       "      <td>0.714375</td>\n",
       "      <td>0.421425</td>\n",
       "      <td>0.517083</td>\n",
       "      <td>0.337554</td>\n",
       "      <td>0.337554</td>\n",
       "    </tr>\n",
       "    <tr>\n",
       "      <th>x20</th>\n",
       "      <td>0.530257</td>\n",
       "      <td>0.344829</td>\n",
       "      <td>0.678220</td>\n",
       "      <td>0.677403</td>\n",
       "      <td>0.598371</td>\n",
       "      <td>0.427699</td>\n",
       "      <td>0.607990</td>\n",
       "      <td>0.456778</td>\n",
       "      <td>0.842511</td>\n",
       "      <td>0.647474</td>\n",
       "      <td>0.806114</td>\n",
       "      <td>0.749663</td>\n",
       "      <td>1.000000</td>\n",
       "      <td>0.871880</td>\n",
       "      <td>0.724550</td>\n",
       "      <td>0.641519</td>\n",
       "      <td>0.430086</td>\n",
       "      <td>0.481257</td>\n",
       "      <td>0.380255</td>\n",
       "      <td>0.380255</td>\n",
       "    </tr>\n",
       "    <tr>\n",
       "      <th>x21</th>\n",
       "      <td>0.546555</td>\n",
       "      <td>0.329721</td>\n",
       "      <td>0.704714</td>\n",
       "      <td>0.663913</td>\n",
       "      <td>0.599485</td>\n",
       "      <td>0.450804</td>\n",
       "      <td>0.632917</td>\n",
       "      <td>0.439880</td>\n",
       "      <td>0.772773</td>\n",
       "      <td>0.552776</td>\n",
       "      <td>0.795528</td>\n",
       "      <td>0.745869</td>\n",
       "      <td>0.871880</td>\n",
       "      <td>1.000000</td>\n",
       "      <td>0.715959</td>\n",
       "      <td>0.675776</td>\n",
       "      <td>0.474139</td>\n",
       "      <td>0.522028</td>\n",
       "      <td>0.393119</td>\n",
       "      <td>0.393119</td>\n",
       "    </tr>\n",
       "    <tr>\n",
       "      <th>x22</th>\n",
       "      <td>0.560914</td>\n",
       "      <td>0.375710</td>\n",
       "      <td>0.634648</td>\n",
       "      <td>0.593261</td>\n",
       "      <td>0.656475</td>\n",
       "      <td>0.427709</td>\n",
       "      <td>0.619032</td>\n",
       "      <td>0.502309</td>\n",
       "      <td>0.643859</td>\n",
       "      <td>0.630309</td>\n",
       "      <td>0.690423</td>\n",
       "      <td>0.729991</td>\n",
       "      <td>0.724550</td>\n",
       "      <td>0.715959</td>\n",
       "      <td>1.000000</td>\n",
       "      <td>0.641202</td>\n",
       "      <td>0.460042</td>\n",
       "      <td>0.515896</td>\n",
       "      <td>0.473907</td>\n",
       "      <td>0.473907</td>\n",
       "    </tr>\n",
       "    <tr>\n",
       "      <th>x23</th>\n",
       "      <td>0.627017</td>\n",
       "      <td>0.267260</td>\n",
       "      <td>0.735866</td>\n",
       "      <td>0.678968</td>\n",
       "      <td>0.607050</td>\n",
       "      <td>0.313209</td>\n",
       "      <td>0.637293</td>\n",
       "      <td>0.382834</td>\n",
       "      <td>0.625442</td>\n",
       "      <td>0.366152</td>\n",
       "      <td>0.676287</td>\n",
       "      <td>0.714375</td>\n",
       "      <td>0.641519</td>\n",
       "      <td>0.675776</td>\n",
       "      <td>0.641202</td>\n",
       "      <td>1.000000</td>\n",
       "      <td>0.553516</td>\n",
       "      <td>0.640774</td>\n",
       "      <td>0.427535</td>\n",
       "      <td>0.427535</td>\n",
       "    </tr>\n",
       "    <tr>\n",
       "      <th>x24</th>\n",
       "      <td>0.332653</td>\n",
       "      <td>0.399832</td>\n",
       "      <td>0.558558</td>\n",
       "      <td>0.405651</td>\n",
       "      <td>0.403165</td>\n",
       "      <td>0.325194</td>\n",
       "      <td>0.415869</td>\n",
       "      <td>0.307784</td>\n",
       "      <td>0.521882</td>\n",
       "      <td>0.225477</td>\n",
       "      <td>0.500310</td>\n",
       "      <td>0.421425</td>\n",
       "      <td>0.430086</td>\n",
       "      <td>0.474139</td>\n",
       "      <td>0.460042</td>\n",
       "      <td>0.553516</td>\n",
       "      <td>1.000000</td>\n",
       "      <td>0.593962</td>\n",
       "      <td>0.524654</td>\n",
       "      <td>0.524654</td>\n",
       "    </tr>\n",
       "    <tr>\n",
       "      <th>x25</th>\n",
       "      <td>0.469149</td>\n",
       "      <td>0.223753</td>\n",
       "      <td>0.489463</td>\n",
       "      <td>0.479230</td>\n",
       "      <td>0.475784</td>\n",
       "      <td>0.232514</td>\n",
       "      <td>0.484100</td>\n",
       "      <td>0.303417</td>\n",
       "      <td>0.492230</td>\n",
       "      <td>0.296667</td>\n",
       "      <td>0.542333</td>\n",
       "      <td>0.517083</td>\n",
       "      <td>0.481257</td>\n",
       "      <td>0.522028</td>\n",
       "      <td>0.515896</td>\n",
       "      <td>0.640774</td>\n",
       "      <td>0.593962</td>\n",
       "      <td>1.000000</td>\n",
       "      <td>0.744570</td>\n",
       "      <td>0.744570</td>\n",
       "    </tr>\n",
       "    <tr>\n",
       "      <th>x26</th>\n",
       "      <td>0.299629</td>\n",
       "      <td>0.276763</td>\n",
       "      <td>0.341929</td>\n",
       "      <td>0.333863</td>\n",
       "      <td>0.339215</td>\n",
       "      <td>0.179834</td>\n",
       "      <td>0.311057</td>\n",
       "      <td>0.214494</td>\n",
       "      <td>0.398436</td>\n",
       "      <td>0.293962</td>\n",
       "      <td>0.439041</td>\n",
       "      <td>0.337554</td>\n",
       "      <td>0.380255</td>\n",
       "      <td>0.393119</td>\n",
       "      <td>0.473907</td>\n",
       "      <td>0.427535</td>\n",
       "      <td>0.524654</td>\n",
       "      <td>0.744570</td>\n",
       "      <td>1.000000</td>\n",
       "      <td>1.000000</td>\n",
       "    </tr>\n",
       "    <tr>\n",
       "      <th>x26</th>\n",
       "      <td>0.299629</td>\n",
       "      <td>0.276763</td>\n",
       "      <td>0.341929</td>\n",
       "      <td>0.333863</td>\n",
       "      <td>0.339215</td>\n",
       "      <td>0.179834</td>\n",
       "      <td>0.311057</td>\n",
       "      <td>0.214494</td>\n",
       "      <td>0.398436</td>\n",
       "      <td>0.293962</td>\n",
       "      <td>0.439041</td>\n",
       "      <td>0.337554</td>\n",
       "      <td>0.380255</td>\n",
       "      <td>0.393119</td>\n",
       "      <td>0.473907</td>\n",
       "      <td>0.427535</td>\n",
       "      <td>0.524654</td>\n",
       "      <td>0.744570</td>\n",
       "      <td>1.000000</td>\n",
       "      <td>1.000000</td>\n",
       "    </tr>\n",
       "  </tbody>\n",
       "</table>\n",
       "</div>"
      ],
      "text/plain": [
       "           x1        x9       x10       x11       x12       x13       x14  \\\n",
       "x1   1.000000  0.209656  0.663892  0.576710  0.760824  0.482747  0.771732   \n",
       "x9   0.209656  1.000000  0.339184  0.274740  0.380777  0.370488  0.276011   \n",
       "x10  0.663892  0.339184  1.000000  0.688767  0.710416  0.512867  0.732313   \n",
       "x11  0.576710  0.274740  0.688767  1.000000  0.583856  0.429146  0.661177   \n",
       "x12  0.760824  0.380777  0.710416  0.583856  1.000000  0.517071  0.808177   \n",
       "x13  0.482747  0.370488  0.512867  0.429146  0.517071  1.000000  0.591435   \n",
       "x14  0.771732  0.276011  0.732313  0.661177  0.808177  0.591435  1.000000   \n",
       "x15  0.594808  0.361623  0.541965  0.461528  0.631794  0.599956  0.717953   \n",
       "x16  0.451369  0.324645  0.655307  0.644847  0.488975  0.417082  0.540328   \n",
       "x17  0.425751  0.398210  0.388095  0.491120  0.556675  0.424939  0.484306   \n",
       "x18  0.572922  0.348663  0.674109  0.716667  0.588825  0.481582  0.621020   \n",
       "x19  0.643239  0.259118  0.671611  0.693367  0.640685  0.448835  0.653179   \n",
       "x20  0.530257  0.344829  0.678220  0.677403  0.598371  0.427699  0.607990   \n",
       "x21  0.546555  0.329721  0.704714  0.663913  0.599485  0.450804  0.632917   \n",
       "x22  0.560914  0.375710  0.634648  0.593261  0.656475  0.427709  0.619032   \n",
       "x23  0.627017  0.267260  0.735866  0.678968  0.607050  0.313209  0.637293   \n",
       "x24  0.332653  0.399832  0.558558  0.405651  0.403165  0.325194  0.415869   \n",
       "x25  0.469149  0.223753  0.489463  0.479230  0.475784  0.232514  0.484100   \n",
       "x26  0.299629  0.276763  0.341929  0.333863  0.339215  0.179834  0.311057   \n",
       "x26  0.299629  0.276763  0.341929  0.333863  0.339215  0.179834  0.311057   \n",
       "\n",
       "          x15       x16       x17       x18       x19       x20       x21  \\\n",
       "x1   0.594808  0.451369  0.425751  0.572922  0.643239  0.530257  0.546555   \n",
       "x9   0.361623  0.324645  0.398210  0.348663  0.259118  0.344829  0.329721   \n",
       "x10  0.541965  0.655307  0.388095  0.674109  0.671611  0.678220  0.704714   \n",
       "x11  0.461528  0.644847  0.491120  0.716667  0.693367  0.677403  0.663913   \n",
       "x12  0.631794  0.488975  0.556675  0.588825  0.640685  0.598371  0.599485   \n",
       "x13  0.599956  0.417082  0.424939  0.481582  0.448835  0.427699  0.450804   \n",
       "x14  0.717953  0.540328  0.484306  0.621020  0.653179  0.607990  0.632917   \n",
       "x15  1.000000  0.419206  0.515773  0.440988  0.498425  0.456778  0.439880   \n",
       "x16  0.419206  1.000000  0.582113  0.794579  0.708099  0.842511  0.772773   \n",
       "x17  0.515773  0.582113  1.000000  0.608311  0.581183  0.647474  0.552776   \n",
       "x18  0.440988  0.794579  0.608311  1.000000  0.789769  0.806114  0.795528   \n",
       "x19  0.498425  0.708099  0.581183  0.789769  1.000000  0.749663  0.745869   \n",
       "x20  0.456778  0.842511  0.647474  0.806114  0.749663  1.000000  0.871880   \n",
       "x21  0.439880  0.772773  0.552776  0.795528  0.745869  0.871880  1.000000   \n",
       "x22  0.502309  0.643859  0.630309  0.690423  0.729991  0.724550  0.715959   \n",
       "x23  0.382834  0.625442  0.366152  0.676287  0.714375  0.641519  0.675776   \n",
       "x24  0.307784  0.521882  0.225477  0.500310  0.421425  0.430086  0.474139   \n",
       "x25  0.303417  0.492230  0.296667  0.542333  0.517083  0.481257  0.522028   \n",
       "x26  0.214494  0.398436  0.293962  0.439041  0.337554  0.380255  0.393119   \n",
       "x26  0.214494  0.398436  0.293962  0.439041  0.337554  0.380255  0.393119   \n",
       "\n",
       "          x22       x23       x24       x25       x26       x26  \n",
       "x1   0.560914  0.627017  0.332653  0.469149  0.299629  0.299629  \n",
       "x9   0.375710  0.267260  0.399832  0.223753  0.276763  0.276763  \n",
       "x10  0.634648  0.735866  0.558558  0.489463  0.341929  0.341929  \n",
       "x11  0.593261  0.678968  0.405651  0.479230  0.333863  0.333863  \n",
       "x12  0.656475  0.607050  0.403165  0.475784  0.339215  0.339215  \n",
       "x13  0.427709  0.313209  0.325194  0.232514  0.179834  0.179834  \n",
       "x14  0.619032  0.637293  0.415869  0.484100  0.311057  0.311057  \n",
       "x15  0.502309  0.382834  0.307784  0.303417  0.214494  0.214494  \n",
       "x16  0.643859  0.625442  0.521882  0.492230  0.398436  0.398436  \n",
       "x17  0.630309  0.366152  0.225477  0.296667  0.293962  0.293962  \n",
       "x18  0.690423  0.676287  0.500310  0.542333  0.439041  0.439041  \n",
       "x19  0.729991  0.714375  0.421425  0.517083  0.337554  0.337554  \n",
       "x20  0.724550  0.641519  0.430086  0.481257  0.380255  0.380255  \n",
       "x21  0.715959  0.675776  0.474139  0.522028  0.393119  0.393119  \n",
       "x22  1.000000  0.641202  0.460042  0.515896  0.473907  0.473907  \n",
       "x23  0.641202  1.000000  0.553516  0.640774  0.427535  0.427535  \n",
       "x24  0.460042  0.553516  1.000000  0.593962  0.524654  0.524654  \n",
       "x25  0.515896  0.640774  0.593962  1.000000  0.744570  0.744570  \n",
       "x26  0.473907  0.427535  0.524654  0.744570  1.000000  1.000000  \n",
       "x26  0.473907  0.427535  0.524654  0.744570  1.000000  1.000000  "
      ]
     },
     "execution_count": 5,
     "metadata": {},
     "output_type": "execute_result"
    }
   ],
   "source": [
    "res.corr()"
   ]
  },
  {
   "attachments": {},
   "cell_type": "markdown",
   "metadata": {},
   "source": [
    "#### 레스토랑 관련 카테고리로만 예측률 확인하기"
   ]
  },
  {
   "cell_type": "code",
   "execution_count": 6,
   "metadata": {},
   "outputs": [],
   "source": [
    "import Module.default as dft"
   ]
  },
  {
   "cell_type": "code",
   "execution_count": 7,
   "metadata": {},
   "outputs": [],
   "source": [
    "data = res[res.columns.difference(['x1'])].to_numpy()\n",
    "target = res['x1'].to_numpy()\n",
    "columns = res[res.columns.difference(['x1'])].columns"
   ]
  },
  {
   "cell_type": "code",
   "execution_count": 8,
   "metadata": {},
   "outputs": [
    {
     "name": "stdout",
     "output_type": "stream",
     "text": [
      "column 이름 : x10\n",
      "x10 feature\timportaces\t- dt : 0.023159281411416884,\trf : 0.03145199863011843\n",
      "x10 permutation\timportaces\t- dt : 0.20922975164911817,\trf : 0.041431326615989694\n",
      "x10 별 차이\t\t\t- dt : -0.1860704702377013,\trf : -0.009979327985871263\n",
      "----------------------------------------------------------------------------------------------------\n",
      "column 이름 : x11\n",
      "x11 feature\timportaces\t- dt : 0.0123694087651704,\trf : 0.014336113209901243\n",
      "x11 permutation\timportaces\t- dt : 0.05128151573319016,\trf : 0.015413483615365342\n",
      "x11 별 차이\t\t\t- dt : -0.03891210696801976,\trf : -0.0010773704054640992\n",
      "----------------------------------------------------------------------------------------------------\n",
      "column 이름 : x12\n",
      "x12 feature\timportaces\t- dt : 0.024300356687400777,\trf : 0.07108101297979902\n",
      "x12 permutation\timportaces\t- dt : 0.21012009964029082,\trf : 0.13823197224743028\n",
      "x12 별 차이\t\t\t- dt : -0.18581974295289005,\trf : -0.06715095926763126\n",
      "----------------------------------------------------------------------------------------------------\n",
      "column 이름 : x13\n",
      "x13 feature\timportaces\t- dt : 0.026012697618929544,\trf : 0.020228236538536153\n",
      "x13 permutation\timportaces\t- dt : 0.15922883211778974,\trf : 0.03061128391776956\n",
      "x13 별 차이\t\t\t- dt : -0.1332161344988602,\trf : -0.010383047379233408\n",
      "----------------------------------------------------------------------------------------------------\n",
      "column 이름 : x14\n",
      "x14 feature\timportaces\t- dt : 0.6326282815596652,\trf : 0.6074089477040526\n",
      "x14 permutation\timportaces\t- dt : 0.7773405370704991,\trf : 0.4138525510432019\n",
      "x14 별 차이\t\t\t- dt : -0.1447122555108339,\trf : 0.19355639666085073\n",
      "----------------------------------------------------------------------------------------------------\n",
      "column 이름 : x15\n",
      "x15 feature\timportaces\t- dt : 0.029905704565283034,\trf : 0.016449105432078826\n",
      "x15 permutation\timportaces\t- dt : 0.10438480468111033,\trf : 0.01419684921098\n",
      "x15 별 차이\t\t\t- dt : -0.0744791001158273,\trf : 0.002252256221098826\n",
      "----------------------------------------------------------------------------------------------------\n",
      "column 이름 : x16\n",
      "x16 feature\timportaces\t- dt : 0.01998409080960416,\trf : 0.014434070285199762\n",
      "x16 permutation\timportaces\t- dt : 0.13994844335227363,\trf : 0.017773810637835064\n",
      "x16 별 차이\t\t\t- dt : -0.11996435254266948,\trf : -0.003339740352635302\n",
      "----------------------------------------------------------------------------------------------------\n",
      "column 이름 : x17\n",
      "x17 feature\timportaces\t- dt : 0.016340965880512478,\trf : 0.012376063375271452\n",
      "x17 permutation\timportaces\t- dt : 0.05879401237157256,\trf : 0.01123116048027727\n",
      "x17 별 차이\t\t\t- dt : -0.042453046491060076,\trf : 0.0011449028949941827\n",
      "----------------------------------------------------------------------------------------------------\n",
      "column 이름 : x18\n",
      "x18 feature\timportaces\t- dt : 0.01234276554722966,\trf : 0.012572944769812288\n",
      "x18 permutation\timportaces\t- dt : 0.07112812165412538,\trf : 0.013479927941215686\n",
      "x18 별 차이\t\t\t- dt : -0.058785356106895725,\trf : -0.0009069831714033985\n",
      "----------------------------------------------------------------------------------------------------\n",
      "column 이름 : x19\n",
      "x19 feature\timportaces\t- dt : 0.06480482357429766,\trf : 0.06858321578209393\n",
      "x19 permutation\timportaces\t- dt : 0.1812967006410105,\trf : 0.10483872203459096\n",
      "x19 별 차이\t\t\t- dt : -0.11649187706671284,\trf : -0.03625550625249703\n",
      "----------------------------------------------------------------------------------------------------\n",
      "column 이름 : x20\n",
      "x20 feature\timportaces\t- dt : 0.008034750582594662,\trf : 0.010678582270110374\n",
      "x20 permutation\timportaces\t- dt : 0.03009039187730602,\trf : 0.011064293375140455\n",
      "x20 별 차이\t\t\t- dt : -0.02205564129471136,\trf : -0.0003857111050300805\n",
      "----------------------------------------------------------------------------------------------------\n",
      "column 이름 : x21\n",
      "x21 feature\timportaces\t- dt : 0.01274868983929942,\trf : 0.008521974802061448\n",
      "x21 permutation\timportaces\t- dt : 0.06254076461653103,\trf : 0.007223877663988287\n",
      "x21 별 차이\t\t\t- dt : -0.04979207477723161,\trf : 0.0012980971380731612\n",
      "----------------------------------------------------------------------------------------------------\n",
      "column 이름 : x22\n",
      "x22 feature\timportaces\t- dt : 0.011974373200963706,\trf : 0.016400087770549094\n",
      "x22 permutation\timportaces\t- dt : 0.10092895972674465,\trf : 0.02986181270577415\n",
      "x22 별 차이\t\t\t- dt : -0.08895458652578095,\trf : -0.013461724935225055\n",
      "----------------------------------------------------------------------------------------------------\n",
      "column 이름 : x23\n",
      "x23 feature\timportaces\t- dt : 0.02947629568286242,\trf : 0.02437865309386446\n",
      "x23 permutation\timportaces\t- dt : 0.12338638854644515,\trf : 0.029305446504642164\n",
      "x23 별 차이\t\t\t- dt : -0.09391009286358273,\trf : -0.004926793410777702\n",
      "----------------------------------------------------------------------------------------------------\n",
      "column 이름 : x24\n",
      "x24 feature\timportaces\t- dt : 0.008564820925116253,\trf : 0.009342090385060299\n",
      "x24 permutation\timportaces\t- dt : 0.07312872068275286,\trf : 0.008392249400093876\n",
      "x24 별 차이\t\t\t- dt : -0.06456389975763661,\trf : 0.0009498409849664231\n",
      "----------------------------------------------------------------------------------------------------\n",
      "column 이름 : x25\n",
      "x25 feature\timportaces\t- dt : 0.040155173598705476,\trf : 0.02209826182250914\n",
      "x25 permutation\timportaces\t- dt : 0.23418631500805437,\trf : 0.03053539917596413\n",
      "x25 별 차이\t\t\t- dt : -0.1940311414093489,\trf : -0.008437137353454988\n",
      "----------------------------------------------------------------------------------------------------\n",
      "column 이름 : x26\n",
      "x26 feature\timportaces\t- dt : 0.002446973573526435,\trf : 0.00853578129576732\n",
      "x26 permutation\timportaces\t- dt : 0.015473932949357627,\trf : 0.00801196759701307\n",
      "x26 별 차이\t\t\t- dt : -0.013026959375831192,\trf : 0.0005238136987542504\n",
      "----------------------------------------------------------------------------------------------------\n",
      "column 이름 : x26\n",
      "x26 feature\timportaces\t- dt : 0.01068394715980662,\trf : 0.007454944145997065\n",
      "x26 permutation\timportaces\t- dt : 0.022971535134513887,\trf : 0.007404563949206966\n",
      "x26 별 차이\t\t\t- dt : -0.012287587974707267,\trf : 5.0380196790099016e-05\n",
      "----------------------------------------------------------------------------------------------------\n",
      "column 이름 : x9\n",
      "x9 feature\timportaces\t- dt : 0.01406659901761526,\trf : 0.023667915707217244\n",
      "x9 permutation\timportaces\t- dt : 0.0582023815551323,\trf : 0.02897044932686549\n",
      "x9 별 차이\t\t\t- dt : -0.044135782537517036,\trf : -0.005302533619648244\n",
      "----------------------------------------------------------------------------------------------------\n"
     ]
    }
   ],
   "source": [
    "dft.importance(data,target,columns)"
   ]
  },
  {
   "attachments": {},
   "cell_type": "markdown",
   "metadata": {},
   "source": [
    "### 차이를 보았을 때 레스토랑 데이터는 점심 식사 맞추는데 큰 영향이 없어 보인다."
   ]
  },
  {
   "cell_type": "code",
   "execution_count": null,
   "metadata": {},
   "outputs": [],
   "source": []
  }
 ],
 "metadata": {
  "kernelspec": {
   "display_name": "tensorflow",
   "language": "python",
   "name": "python3"
  },
  "language_info": {
   "codemirror_mode": {
